Setting1 Pattern
setting2--streamsluice-streamsluice-false-true-false-when-sine-1split2join1-720-7000-45-6500-5000-0-1-0-1-20-1-5000-1-20-1-5000-17-1000-1-5000-1-20-5000-750-3000-100-1-true-1 0 sine 750 0.9926678886852192 0.9943036101171312 9.541955
setting2--streamsluice-streamsluice-false-true-false-when-sine-1split2join1-720-7000-45-6500-5000-0-1-0-1-20-1-5000-1-20-1-5000-17-1000-1-5000-1-20-5000-1000-3000-100-1-true-1 0 sine 1000 0.9971671388101983 0.9982016743378748 9.448851666666666
setting2--streamsluice-streamsluice-false-true-false-when-sine-1split2join1-720-7000-45-6500-5000-0-1-0-1-20-1-5000-1-20-1-5000-17-1000-1-5000-1-20-5000-1250-3000-100-1-true-1 0 sine 1250 0.998000333277787 0.9985044962186791 9.576975
setting1--streamsluice-streamsluice-false-true-false-when-linear-1split2join1-720-7000-25-3000-5000-20-1-0-1-20-1-5000-1-20-1-5000-17-1000-1-5000-1-20-5000-750-3000-100-1-true-1 0 linear 750 0.9888277472069368 0.9903563548779256 9.77754
setting1--streamsluice-streamsluice-false-true-false-when-linear-1split2join1-720-7000-25-3000-5000-20-1-0-1-20-1-5000-1-20-1-5000-17-1000-1-5000-1-20-5000-1000-3000-100-1-true-1 0 linear 1000 0.9948341943009499 0.9958397261231906 9.619578333333333
setting1--streamsluice-streamsluice-false-true-false-when-linear-1split2join1-720-7000-25-3000-5000-20-1-0-1-20-1-5000-1-20-1-5000-17-1000-1-5000-1-20-5000-1250-3000-100-1-true-1 0 linear 1250 0.9966672221296451 0.9968154155927677 9.60189
setting1--streamsluice-streamsluice-false-true-false-when-gradient-1split2join1-720-7000-25-3000-5000-20-1-0-1-20-1-5000-1-20-1-5000-17-1000-1-5000-1-20-5000-750-3000-100-1-true-1 0 gradient 750 0.9462975316877918 0.9535598963915427 17.346243333333334
setting1--streamsluice-streamsluice-false-true-false-when-gradient-1split2join1-720-7000-25-3000-5000-20-1-0-1-20-1-5000-1-20-1-5000-17-1000-1-5000-1-20-5000-1000-3000-100-1-true-1 0 gradient 1000 0.9779816513761468 0.981432501985736 12.08945
setting1--streamsluice-streamsluice-false-true-false-when-gradient-1split2join1-720-7000-25-3000-5000-20-1-0-1-20-1-5000-1-20-1-5000-17-1000-1-5000-1-20-5000-1250-3000-100-1-true-1 0 gradient 1250 0.9918278852568378 0.9933366458378962 9.729451666666666
X old
Xsetting2--streamsluice-streamsluice-false-true-false-when-sine-1split2join1-720-7000-45-6500-5000-0-1-0-1-20-1-5000-1-20-1-5000-17-1000-1-5000-1-20-5000-750-3000-100-1-true-1 0 sine 750 0.9926678886852192 0.9932538998558305 9.695513333333333
Xsetting2--streamsluice-streamsluice-false-true-false-when-sine-1split2join1-720-7000-45-6500-5000-0-1-0-1-20-1-5000-1-20-1-5000-17-1000-1-5000-1-20-5000-1000-3000-100-1-true-1 0 sine 1000 0.9971671388101983 0.9976878333109089 9.613145
Xsetting2--streamsluice-streamsluice-false-true-false-when-sine-1split2join1-720-7000-45-6500-5000-0-1-0-1-20-1-5000-1-20-1-5000-17-1000-1-5000-1-20-5000-1250-3000-100-1-true-1 0 sine 1250 0.998000333277787 0.998331118656618 9.706738333333334
Xsetting1--streamsluice-streamsluice-false-true-false-when-linear-1split2join1-720-7000-25-3000-5000-20-1-0-1-20-1-5000-1-20-1-5000-17-1000-1-5000-1-20-5000-750-3000-100-1-true-1 0 linear 750 0.9888277472069368 0.9890391239233955 9.87836
Xsetting1--streamsluice-streamsluice-false-true-false-when-linear-1split2join1-720-7000-25-3000-5000-20-1-0-1-20-1-5000-1-20-1-5000-17-1000-1-5000-1-20-5000-1000-3000-100-1-true-1 0 linear 1000 0.9948341943009499 0.9952163814153796 9.738348333333333
Xsetting1--streamsluice-streamsluice-false-true-false-when-linear-1split2join1-720-7000-25-3000-5000-20-1-0-1-20-1-5000-1-20-1-5000-17-1000-1-5000-1-20-5000-1250-3000-100-1-true-1 0 linear 1250 0.9966672221296451 0.9966422671603516 9.68785
Xsetting1--streamsluice-streamsluice-false-true-false-when-gradient-1split2join1-720-7000-25-3000-5000-20-1-0-1-20-1-5000-1-20-1-5000-17-1000-1-5000-1-20-5000-750-3000-100-1-true-1 0 gradient 750 0.9462975316877918 0.9466303736936775 16.08625333333333
Xsetting1--streamsluice-streamsluice-false-true-false-when-gradient-1split2join1-720-7000-25-3000-5000-20-1-0-1-20-1-5000-1-20-1-5000-17-1000-1-5000-1-20-5000-1000-3000-100-1-true-1 0 gradient 1000 0.9783152627189324 0.9792006785204437 11.981941666666666
Xsetting1--streamsluice-streamsluice-false-true-false-when-gradient-1split2join1-720-7000-25-3000-5000-20-1-0-1-20-1-5000-1-20-1-5000-17-1000-1-5000-1-20-5000-1250-3000-100-1-true-1 0 gradient 1250 0.9918278852568378 0.9922431399595533 9.85749
end
Setting2 Amplitude
setting2--streamsluice-streamsluice-false-true-false-when-sine-1split2join1-720-5500-45-6500-5000-0-1-0-1-20-1-5000-1-20-1-5000-17-1000-1-5000-1-20-5000-750-3000-100-1-true-1 0 10% 750 1.0 1.0 9.0
setting2--streamsluice-streamsluice-false-true-false-when-sine-1split2join1-720-5500-45-6500-5000-0-1-0-1-20-1-5000-1-20-1-5000-17-1000-1-5000-1-20-5000-1000-3000-100-1-true-1 0 10% 1000 1.0 1.0 9.0
setting2--streamsluice-streamsluice-false-true-false-when-sine-1split2join1-720-5500-45-6500-5000-0-1-0-1-20-1-5000-1-20-1-5000-17-1000-1-5000-1-20-5000-1250-3000-100-1-true-1 0 10% 1250 1.0 1.0 9.086126666666667
setting2--streamsluice-streamsluice-false-true-false-when-sine-1split2join1-720-6000-45-6500-5000-0-1-0-1-20-1-5000-1-20-1-5000-17-1000-1-5000-1-20-5000-750-3000-100-1-true-1 0 20% 750 0.9975004165972338 0.9975722299689055 9.164316666666666
setting2--streamsluice-streamsluice-false-true-false-when-sine-1split2join1-720-6000-45-6500-5000-0-1-0-1-20-1-5000-1-20-1-5000-17-1000-1-5000-1-20-5000-1000-3000-100-1-true-1 0 20% 1000 0.9990001666388936 0.9989336855112818 9.285165
setting2--streamsluice-streamsluice-false-true-false-when-sine-1split2join1-720-6000-45-6500-5000-0-1-0-1-20-1-5000-1-20-1-5000-17-1000-1-5000-1-20-5000-1250-3000-100-1-true-1 0 20% 1250 0.9995000833194467 0.999430003924943 9.174238333333333
setting2--streamsluice-streamsluice-false-true-false-when-sine-1split2join1-720-6500-45-3500-5000-0-1-0-1-20-1-5000-1-20-1-5000-17-1000-1-5000-1-20-5000-750-3000-100-1-true-1 0 30% 750 0.9971671388101983 0.998269015984183 9.491108333333333
setting2--streamsluice-streamsluice-false-true-false-when-sine-1split2join1-720-6500-45-3500-5000-0-1-0-1-20-1-5000-1-20-1-5000-17-1000-1-5000-1-20-5000-1000-3000-100-1-true-1 0 30% 1000 0.9978336943842693 0.9978370143884132 9.318511666666666
setting2--streamsluice-streamsluice-false-true-false-when-sine-1split2join1-720-6500-45-3500-5000-0-1-0-1-20-1-5000-1-20-1-5000-17-1000-1-5000-1-20-5000-1250-3000-100-1-true-1 0 30% 1250 0.9991668055324112 0.9992149691089265 9.330571666666666
setting2--streamsluice-streamsluice-false-true-false-when-sine-1split2join1-720-7000-45-6500-5000-0-1-0-1-20-1-5000-1-20-1-5000-17-1000-1-5000-1-20-5000-1000-3000-100-1-true-1 0 40% 1000 0.9971671388101983 0.9982016743378748 9.448851666666666
setting2--streamsluice-streamsluice-false-true-false-when-sine-1split2join1-720-7000-45-6500-5000-0-1-0-1-20-1-5000-1-20-1-5000-17-1000-1-5000-1-20-5000-750-3000-100-1-true-1 0 40% 750 0.9926678886852192 0.9943036101171312 9.541955
setting2--streamsluice-streamsluice-false-true-false-when-sine-1split2join1-720-7000-45-6500-5000-0-1-0-1-20-1-5000-1-20-1-5000-17-1000-1-5000-1-20-5000-1250-3000-100-1-true-1 0 40% 1250 0.998000333277787 0.9985044962186791 9.576975
setting2--streamsluice-streamsluice-false-true-false-when-sine-1split2join1-720-7500-45-6500-5000-0-1-0-1-20-1-5000-1-20-1-5000-17-1000-1-5000-1-20-5000-1000-3000-100-1-true-1 0 50% 1000 0.983155436957972 0.9850148859681205 9.675886666666667
setting2--streamsluice-streamsluice-false-true-false-when-sine-1split2join1-720-7500-45-6500-5000-0-1-0-1-20-1-5000-1-20-1-5000-17-1000-1-5000-1-20-5000-750-3000-100-1-true-1 0 50% 750 0.985487906588824 0.9885833521606088 9.85966
setting2--streamsluice-streamsluice-false-true-false-when-sine-1split2join1-720-7500-45-6500-5000-0-1-0-1-20-1-5000-1-20-1-5000-17-1000-1-5000-1-20-5000-1250-3000-100-1-true-1 0 50% 1250 0.987987987987988 0.9904515472032662 9.714498333333333
Xsetting2--streamsluice-streamsluice-false-true-false-when-sine-1split2join1-720-5500-45-6500-5000-0-1-0-1-20-1-5000-1-20-1-5000-17-1000-1-5000-1-20-5000-1000-3000-100-1-true-1 0 10% 1000 1.0 1.0 9.261686666666666
Xsetting2--streamsluice-streamsluice-false-true-false-when-sine-1split2join1-720-5500-45-6500-5000-0-1-0-1-20-1-5000-1-20-1-5000-17-1000-1-5000-1-20-5000-750-3000-100-1-true-1 0 10% 750 1.0 1.0 9.266421666666666
Xsetting2--streamsluice-streamsluice-false-true-false-when-sine-1split2join1-720-5500-45-6500-5000-0-1-0-1-20-1-5000-1-20-1-5000-17-1000-1-5000-1-20-5000-1250-3000-100-1-true-1 0 10% 1250 1.0 1.0 9.363226666666666
Xsetting2--streamsluice-streamsluice-false-true-false-when-sine-1split2join1-720-6000-45-6500-5000-0-1-0-1-20-1-5000-1-20-1-5000-17-1000-1-5000-1-20-5000-1000-3000-100-1-true-1 0 20% 1000 0.9990001666388936 0.9989003145447014 9.525133333333333
Xsetting2--streamsluice-streamsluice-false-true-false-when-sine-1split2join1-720-6000-45-6500-5000-0-1-0-1-20-1-5000-1-20-1-5000-17-1000-1-5000-1-20-5000-750-3000-100-1-true-1 0 20% 750 0.9975004165972338 0.997343183926107 9.360873333333334
Xsetting2--streamsluice-streamsluice-false-true-false-when-sine-1split2join1-720-6000-45-6500-5000-0-1-0-1-20-1-5000-1-20-1-5000-17-1000-1-5000-1-20-5000-1250-3000-100-1-true-1 0 20% 1250 0.9995000833194467 0.9994181548777274 9.338941666666667
Xsetting2--streamsluice-streamsluice-false-true-false-when-sine-1split2join1-720-6500-45-3500-5000-0-1-0-1-20-1-5000-1-20-1-5000-17-1000-1-5000-1-20-5000-750-3000-100-1-true-1 0 30% 750 0.9971671388101983 0.9976431800565714 9.685346666666666
Xsetting2--streamsluice-streamsluice-false-true-false-when-sine-1split2join1-720-6500-45-3500-5000-0-1-0-1-20-1-5000-1-20-1-5000-17-1000-1-5000-1-20-5000-1000-3000-100-1-true-1 0 30% 1000 0.9978336943842693 0.9977103675110819 9.492086666666667
Xsetting2--streamsluice-streamsluice-false-true-false-when-sine-1split2join1-720-6500-45-3500-5000-0-1-0-1-20-1-5000-1-20-1-5000-17-1000-1-5000-1-20-5000-1250-3000-100-1-true-1 0 30% 1250 0.9991668055324112 0.9991793854479069 9.480733333333333
Xsetting2--streamsluice-streamsluice-false-true-false-when-sine-1split2join1-720-7000-45-6500-5000-0-1-0-1-20-1-5000-1-20-1-5000-17-1000-1-5000-1-20-5000-1000-3000-100-1-true-1 0 40% 1000 0.9971671388101983 0.9976878333109089 9.613145
Xsetting2--streamsluice-streamsluice-false-true-false-when-sine-1split2join1-720-7000-45-6500-5000-0-1-0-1-20-1-5000-1-20-1-5000-17-1000-1-5000-1-20-5000-750-3000-100-1-true-1 0 40% 750 0.9926678886852192 0.9932538998558305 9.695513333333333
Xsetting2--streamsluice-streamsluice-false-true-false-when-sine-1split2join1-720-7000-45-6500-5000-0-1-0-1-20-1-5000-1-20-1-5000-17-1000-1-5000-1-20-5000-1250-3000-100-1-true-1 0 40% 1250 0.998000333277787 0.998331118656618 9.706738333333334
Xsetting2--streamsluice-streamsluice-false-true-false-when-sine-1split2join1-720-7500-45-6500-5000-0-1-0-1-20-1-5000-1-20-1-5000-17-1000-1-5000-1-20-5000-1000-3000-100-1-true-1 0 50% 1000 0.983155436957972 0.9833447488553004 9.803823333333334
Xsetting2--streamsluice-streamsluice-false-true-false-when-sine-1split2join1-720-7500-45-6500-5000-0-1-0-1-20-1-5000-1-20-1-5000-17-1000-1-5000-1-20-5000-750-3000-100-1-true-1 0 50% 750 0.9854927463731866 0.9864937819164469 9.972155
Xsetting2--streamsluice-streamsluice-false-true-false-when-sine-1split2join1-720-7500-45-6500-5000-0-1-0-1-20-1-5000-1-20-1-5000-17-1000-1-5000-1-20-5000-1250-3000-100-1-true-1 0 50% 1250 0.9879899916597165 0.989201120143006 9.832531666666666
end
Setting3 Period
setting3--streamsluice-streamsluice-false-true-false-when-sine-1split2join1-720-6500-15-3500-5000-0-1-0-1-20-1-5000-1-20-1-5000-1-20-1-5000-17-1000-5000-750-3000-100-1-true-1 0 30s 750 0.9631420947298199 0.9711879619703251 19.520131666666668
setting3--streamsluice-streamsluice-false-true-false-when-sine-1split2join1-720-6500-15-3500-5000-0-1-0-1-20-1-5000-1-20-1-5000-1-20-1-5000-17-1000-5000-1000-3000-100-1-true-1 0 30s 1000 0.9721480987324883 0.9793254095567039 18.67692
setting3--streamsluice-streamsluice-false-true-false-when-sine-1split2join1-720-6500-15-3500-5000-0-1-0-1-20-1-5000-1-20-1-5000-1-20-1-5000-17-1000-5000-1250-3000-100-1-true-1 0 30s 1250 0.9818181818181818 0.9853065215482931 19.058215
setting3--streamsluice-streamsluice-false-true-false-when-sine-1split2join1-720-6500-30-3500-5000-0-1-0-1-20-1-5000-1-20-1-5000-1-20-1-5000-17-1000-5000-750-3000-100-1-true-1 0 60s 750 0.9966649991662498 0.9977915236480899 16.126455
setting3--streamsluice-streamsluice-false-true-false-when-sine-1split2join1-720-6500-30-3500-5000-0-1-0-1-20-1-5000-1-20-1-5000-1-20-1-5000-17-1000-5000-1000-3000-100-1-true-1 0 60s 1000 0.9924937447873228 0.9952674246205767 16.13509833333333
setting3--streamsluice-streamsluice-false-true-false-when-sine-1split2join1-720-6500-30-3500-5000-0-1-0-1-20-1-5000-1-20-1-5000-1-20-1-5000-17-1000-5000-1250-3000-100-1-true-1 0 60s 1250 0.9968301634968302 0.9980978677003585 15.939246666666667
setting3--streamsluice-streamsluice-false-true-false-when-sine-1split2join1-720-6500-45-3500-5000-0-1-0-1-20-1-5000-1-20-1-5000-1-20-1-5000-17-1000-5000-750-3000-100-1-true-1 0 90s 750 0.9969984992496248 0.9974915287015987 15.843803333333334
setting3--streamsluice-streamsluice-false-true-false-when-sine-1split2join1-720-6500-45-3500-5000-0-1-0-1-20-1-5000-1-20-1-5000-1-20-1-5000-17-1000-5000-1000-3000-100-1-true-1 0 90s 1000 0.9964988329443147 0.997589849099336 15.758601666666667
setting3--streamsluice-streamsluice-false-true-false-when-sine-1split2join1-720-6500-45-3500-5000-0-1-0-1-20-1-5000-1-20-1-5000-1-20-1-5000-17-1000-5000-1250-3000-100-1-true-1 0 90s 1250 0.9979986657771848 0.9987693689924999 15.63338
setting3--streamsluice-streamsluice-false-true-false-when-sine-1split2join1-720-6500-60-3500-5000-0-1-0-1-20-1-5000-1-20-1-5000-1-20-1-5000-17-1000-5000-750-3000-100-1-true-1 0 120s 750 0.9963314990828748 0.9967622346685711 15.528391666666666
setting3--streamsluice-streamsluice-false-true-false-when-sine-1split2join1-720-6500-60-3500-5000-0-1-0-1-20-1-5000-1-20-1-5000-1-20-1-5000-17-1000-5000-1000-3000-100-1-true-1 0 120s 1000 0.9981660553517839 0.9987632016615932 15.657551666666667
setting3--streamsluice-streamsluice-false-true-false-when-sine-1split2join1-720-6500-60-3500-5000-0-1-0-1-20-1-5000-1-20-1-5000-1-20-1-5000-17-1000-5000-1250-3000-100-1-true-1 0 120s 1250 0.9960006665555741 0.996943251380974 15.411075
setting3--streamsluice-streamsluice-false-true-false-when-sine-1split2join1-720-6500-75-3500-5000-0-1-0-1-20-1-5000-1-20-1-5000-1-20-1-5000-17-1000-5000-750-3000-100-1-true-1 0 150s 750 0.9963339443426096 0.9967663466402238 15.334061666666667
setting3--streamsluice-streamsluice-false-true-false-when-sine-1split2join1-720-6500-75-3500-5000-0-1-0-1-20-1-5000-1-20-1-5000-1-20-1-5000-17-1000-5000-1000-3000-100-1-true-1 0 150s 1000 0.9966672221296451 0.9965767883057054 15.415865
setting3--streamsluice-streamsluice-false-true-false-when-sine-1split2join1-720-6500-75-3500-5000-0-1-0-1-20-1-5000-1-20-1-5000-1-20-1-5000-17-1000-5000-1250-3000-100-1-true-1 0 150s 1250 0.9976670554907515 0.9978892355785113 15.447808333333333
Xsetting3--streamsluice-streamsluice-false-true-false-when-sine-1split2join1-720-6500-15-3500-5000-0-1-0-1-20-1-5000-1-20-1-5000-1-20-1-5000-17-1000-5000-750-3000-100-1-true-1 0 30s 750 0.9636424282855237 0.9688584720696449 18.860696666666666
Xsetting3--streamsluice-streamsluice-false-true-false-when-sine-1split2join1-720-6500-15-3500-5000-0-1-0-1-20-1-5000-1-20-1-5000-1-20-1-5000-17-1000-5000-1000-3000-100-1-true-1 0 30s 1000 0.9721527430381858 0.9768245634986765 18.341881666666666
Xsetting3--streamsluice-streamsluice-false-true-false-when-sine-1split2join1-720-6500-15-3500-5000-0-1-0-1-20-1-5000-1-20-1-5000-1-20-1-5000-17-1000-5000-1250-3000-100-1-true-1 0 30s 1250 0.9818212141427618 0.9838123625847646 18.189986666666666
Xsetting3--streamsluice-streamsluice-false-true-false-when-sine-1split2join1-720-6500-30-3500-5000-0-1-0-1-20-1-5000-1-20-1-5000-1-20-1-5000-17-1000-5000-750-3000-100-1-true-1 0 60s 750 0.9964982491245623 0.997022070713771 16.012808333333332
Xsetting3--streamsluice-streamsluice-false-true-false-when-sine-1split2join1-720-6500-30-3500-5000-0-1-0-1-20-1-5000-1-20-1-5000-1-20-1-5000-17-1000-5000-1000-3000-100-1-true-1 0 60s 1000 0.9924937447873228 0.9941420603910117 16.0224
Xsetting3--streamsluice-streamsluice-false-true-false-when-sine-1split2join1-720-6500-30-3500-5000-0-1-0-1-20-1-5000-1-20-1-5000-1-20-1-5000-17-1000-5000-1250-3000-100-1-true-1 0 60s 1250 0.9968306922435363 0.9976448960100706 15.830473333333334
Xsetting3--streamsluice-streamsluice-false-true-false-when-sine-1split2join1-720-6500-45-3500-5000-0-1-0-1-20-1-5000-1-20-1-5000-1-20-1-5000-17-1000-5000-750-3000-100-1-true-1 0 90s 750 0.9969984992496248 0.9971140413430967 15.60852
Xsetting3--streamsluice-streamsluice-false-true-false-when-sine-1split2join1-720-6500-45-3500-5000-0-1-0-1-20-1-5000-1-20-1-5000-1-20-1-5000-17-1000-5000-1000-3000-100-1-true-1 0 90s 1000 0.9964988329443147 0.9971032388010538 15.502596666666667
Xsetting3--streamsluice-streamsluice-false-true-false-when-sine-1split2join1-720-6500-45-3500-5000-0-1-0-1-20-1-5000-1-20-1-5000-1-20-1-5000-17-1000-5000-1250-3000-100-1-true-1 0 90s 1250 0.9979986657771848 0.9984400191659527 15.3593
Xsetting3--streamsluice-streamsluice-false-true-false-when-sine-1split2join1-720-6500-60-3500-5000-0-1-0-1-20-1-5000-1-20-1-5000-1-20-1-5000-17-1000-5000-750-3000-100-1-true-1 0 120s 750 0.9963314990828748 0.9963911146235954 15.686828333333333
Xsetting3--streamsluice-streamsluice-false-true-false-when-sine-1split2join1-720-6500-60-3500-5000-0-1-0-1-20-1-5000-1-20-1-5000-1-20-1-5000-17-1000-5000-1000-3000-100-1-true-1 0 120s 1000 0.9981660553517839 0.998433052613609 15.797606666666667
Xsetting3--streamsluice-streamsluice-false-true-false-when-sine-1split2join1-720-6500-60-3500-5000-0-1-0-1-20-1-5000-1-20-1-5000-1-20-1-5000-17-1000-5000-1250-3000-100-1-true-1 0 120s 1250 0.9960006665555741 0.9963396202606517 15.581275
Xsetting3--streamsluice-streamsluice-false-true-false-when-sine-1split2join1-720-6500-75-3500-5000-0-1-0-1-20-1-5000-1-20-1-5000-1-20-1-5000-17-1000-5000-750-3000-100-1-true-1 0 150s 750 0.9966672221296451 0.9967258235590565 15.508765
Xsetting3--streamsluice-streamsluice-false-true-false-when-sine-1split2join1-720-6500-75-3500-5000-0-1-0-1-20-1-5000-1-20-1-5000-1-20-1-5000-17-1000-5000-1000-3000-100-1-true-1 0 150s 1000 0.997333777703716 0.9971917984170728 15.570056666666666
Xsetting3--streamsluice-streamsluice-false-true-false-when-sine-1split2join1-720-6500-75-3500-5000-0-1-0-1-20-1-5000-1-20-1-5000-1-20-1-5000-17-1000-5000-1250-3000-100-1-true-1 0 150s 1250 0.9976670554907515 0.9976311195812925 15.626993333333333
end
Setting4 Topology
setting4--streamsluice-streamsluice-false-true-false-when-sine-1op-720-6500-45-3500-5000-0-1-0-17-2000-1-5000-1-20-1-5000-1-20-1-5000-17-20-5000--750-3000-100-1-true-1 0 1op 750 0.998000333277787 0.9980911324411046 12.670868333333333
setting4--streamsluice-streamsluice-false-true-false-when-sine-1op-720-6500-45-3500-5000-0-1-0-17-2000-1-5000-1-20-1-5000-1-20-1-5000-17-20-5000--1000-3000-100-1-true-1 0 1op 1000 1.0 1.0 12.571626666666667
setting4--streamsluice-streamsluice-false-true-false-when-sine-1op-720-6500-45-3500-5000-0-1-0-17-2000-1-5000-1-20-1-5000-1-20-1-5000-17-20-5000--1250-3000-100-1-true-1 0 1op 1250 1.0 1.0 12.497181666666666
setting4--streamsluice-streamsluice-false-true-false-when-sine-2op-720-6500-45-3500-5000-0-1-0-1-20-1-5000-17-2000-1-5000-1-20-1-5000-17-20-5000--750-3000-100-1-true-1 0 2op 750 0.999333444425929 0.9995526067282074 13.715788333333334
setting4--streamsluice-streamsluice-false-true-false-when-sine-2op-720-6500-45-3500-5000-0-1-0-1-20-1-5000-17-2000-1-5000-1-20-1-5000-17-20-5000--1000-3000-100-1-true-1 0 2op 1000 1.0 1.0 13.445131666666667
setting4--streamsluice-streamsluice-false-true-false-when-sine-2op-720-6500-45-3500-5000-0-1-0-1-20-1-5000-17-2000-1-5000-1-20-1-5000-17-20-5000--1250-3000-100-1-true-1 0 2op 1250 1.0 1.0 13.516921666666667
setting4--streamsluice-streamsluice-false-true-false-when-sine-3op-720-6500-45-3500-5000-0-1-0-1-20-1-5000-1-20-1-5000-17-2000-1-5000-17-20-5000--750-3000-100-1-true-1 0 3op 750 0.9938343609398433 0.995294313561929 14.996188333333333
setting4--streamsluice-streamsluice-false-true-false-when-sine-3op-720-6500-45-3500-5000-0-1-0-1-20-1-5000-1-20-1-5000-17-2000-1-5000-17-20-5000--1000-3000-100-1-true-1 0 3op 1000 0.9963339443426096 0.9963817411688578 14.73557
setting4--streamsluice-streamsluice-false-true-false-when-sine-3op-720-6500-45-3500-5000-0-1-0-1-20-1-5000-1-20-1-5000-17-2000-1-5000-17-20-5000--1250-3000-100-1-true-1 0 3op 1250 0.9958340276620563 0.9986675919302472 14.684048333333333
setting4--streamsluice-streamsluice-false-true-false-when-sine-4op-720-6500-45-3500-5000-0-1-0-1-20-1-5000-1-20-1-5000-1-20-1-5000-17-2000-5000--750-3000-100-1-true-1 0 4op 750 1.0 1.0 15.836906666666666
setting4--streamsluice-streamsluice-false-true-false-when-sine-4op-720-6500-45-3500-5000-0-1-0-1-20-1-5000-1-20-1-5000-1-20-1-5000-17-2000-5000--1000-3000-100-1-true-1 0 4op 1000 1.0 1.0 15.705861666666667
setting4--streamsluice-streamsluice-false-true-false-when-sine-4op-720-6500-45-3500-5000-0-1-0-1-20-1-5000-1-20-1-5000-1-20-1-5000-17-2000-5000--1250-3000-100-1-true-1 0 4op 1250 1.0 1.0 15.447656666666667
end
Setting5 Service_Rate
setting5--streamsluice-streamsluice-false-true-false-when-sine-1split2join1-720-6500-45-3500-5000-0-1-0-1-20-1-5000-1-20-1-5000-1-20-1-5000-17-666-5000-750-3000-100-1-true-1 0 1.5x 750 0.9951634422948632 0.9960267613783704 11.46317
setting5--streamsluice-streamsluice-false-true-false-when-sine-1split2join1-720-6500-45-3500-5000-0-1-0-1-20-1-5000-1-20-1-5000-1-20-1-5000-17-666-5000-1000-3000-100-1-true-1 0 1.5x 1000 0.9976670554907515 0.998561004753198 11.379196666666667
setting5--streamsluice-streamsluice-false-true-false-when-sine-1split2join1-720-6500-45-3500-5000-0-1-0-1-20-1-5000-1-20-1-5000-1-20-1-5000-17-666-5000-1250-3000-100-1-true-1 0 1.5x 1250 0.9971671388101983 0.9980724559575866 11.415221666666667
setting5--streamsluice-streamsluice-false-true-false-when-sine-1split2join1-720-6500-45-3500-5000-0-1-0-1-20-1-5000-1-20-1-5000-1-20-1-5000-17-800-5000-750-3000-100-1-true-1 0 1.25x 750 0.9963302752293578 0.9971582824364995 13.18571
setting5--streamsluice-streamsluice-false-true-false-when-sine-1split2join1-720-6500-45-3500-5000-0-1-0-1-20-1-5000-1-20-1-5000-1-20-1-5000-17-800-5000-1000-3000-100-1-true-1 0 1.25x 1000 0.997498332221481 0.9980812444002941 13.06895
setting5--streamsluice-streamsluice-false-true-false-when-sine-1split2join1-720-6500-45-3500-5000-0-1-0-1-20-1-5000-1-20-1-5000-1-20-1-5000-17-800-5000-1250-3000-100-1-true-1 0 1.25x 1250 0.9958312489578123 0.9964937806231041 12.92541
setting3--streamsluice-streamsluice-false-true-false-when-sine-1split2join1-720-6500-45-3500-5000-0-1-0-1-20-1-5000-1-20-1-5000-1-20-1-5000-17-1000-5000-750-3000-100-1-true-1 0 1.0x 750 0.9969984992496248 0.9974915287015987 15.843803333333334
setting3--streamsluice-streamsluice-false-true-false-when-sine-1split2join1-720-6500-45-3500-5000-0-1-0-1-20-1-5000-1-20-1-5000-1-20-1-5000-17-1000-5000-1000-3000-100-1-true-1 0 1.0x 1000 0.9964988329443147 0.997589849099336 15.758601666666667
setting3--streamsluice-streamsluice-false-true-false-when-sine-1split2join1-720-6500-45-3500-5000-0-1-0-1-20-1-5000-1-20-1-5000-1-20-1-5000-17-1000-5000-1250-3000-100-1-true-1 0 1.0x 1250 0.9979986657771848 0.9987693689924999 15.63338
setting5--streamsluice-streamsluice-false-true-false-when-sine-1split2join1-720-6500-45-3500-5000-0-1-0-1-20-1-5000-1-20-1-5000-1-20-1-5000-17-1333-5000-750-3000-100-1-true-1 0 0.75x 750 0.9933322220370062 0.9938123181330922 21.01697
setting5--streamsluice-streamsluice-false-true-false-when-sine-1split2join1-720-6500-45-3500-5000-0-1-0-1-20-1-5000-1-20-1-5000-1-20-1-5000-17-1333-5000-1000-3000-100-1-true-1 0 0.75x 1000 0.9949983327775925 0.9965522565719194 20.209483333333335
setting5--streamsluice-streamsluice-false-true-false-when-sine-1split2join1-720-6500-45-3500-5000-0-1-0-1-20-1-5000-1-20-1-5000-1-20-1-5000-17-1333-5000-1250-3000-100-1-true-1 0 0.75x 1250 0.9951650550183394 0.9968805023927566 20.68191
setting5--streamsluice-streamsluice-false-true-false-when-sine-1split2join1-720-6500-45-3500-5000-0-1-0-1-20-1-5000-1-20-1-5000-1-20-1-5000-17-2000-5000-750-3000-100-1-true-1 0 0.5x 750 0.5882647107851309 0.5862495384852521 29.736731666666667
setting5--streamsluice-streamsluice-false-true-false-when-sine-1split2join1-720-6500-45-3500-5000-0-1-0-1-20-1-5000-1-20-1-5000-1-20-1-5000-17-2000-5000-1000-3000-100-1-true-1 0 0.5x 1000 0.6490496832277426 0.6444373691699972 29.599945
setting5--streamsluice-streamsluice-false-true-false-when-sine-1split2join1-720-6500-45-3500-5000-0-1-0-1-20-1-5000-1-20-1-5000-1-20-1-5000-17-2000-5000-1250-3000-100-1-true-1 0 0.5x 1250 0.6932955303535691 0.6898212193136946 29.504846666666666
Xsetting5--streamsluice-streamsluice-false-true-false-when-sine-1split2join1-720-6500-45-3500-5000-0-1-0-1-20-1-5000-1-20-1-5000-1-20-1-5000-17-666-5000-750-3000-100-1-true-1 0 0.5x 750 0.9953302201467645 0.9956001838925052 11.483885
Xsetting5--streamsluice-streamsluice-false-true-false-when-sine-1split2join1-720-6500-45-3500-5000-0-1-0-1-20-1-5000-1-20-1-5000-1-20-1-5000-17-666-5000-1000-3000-100-1-true-1 0 0.5x 1000 0.9976670554907515 0.9980938527955917 11.404898333333334
Xsetting5--streamsluice-streamsluice-false-true-false-when-sine-1split2join1-720-6500-45-3500-5000-0-1-0-1-20-1-5000-1-20-1-5000-1-20-1-5000-17-666-5000-1250-3000-100-1-true-1 0 0.5x 1250 0.9971671388101983 0.9976237559382535 11.409661666666667
Xsetting5--streamsluice-streamsluice-false-true-false-when-sine-1split2join1-720-6500-45-3500-5000-0-1-0-1-20-1-5000-1-20-1-5000-1-20-1-5000-17-800-5000-750-3000-100-1-true-1 0 0.75x 750 0.9963308872581721 0.9966048540241786 13.085815
Xsetting5--streamsluice-streamsluice-false-true-false-when-sine-1split2join1-720-6500-45-3500-5000-0-1-0-1-20-1-5000-1-20-1-5000-1-20-1-5000-17-800-5000-1000-3000-100-1-true-1 0 0.75x 1000 0.9974987493746873 0.9977030801059925 12.978915
Xsetting5--streamsluice-streamsluice-false-true-false-when-sine-1split2join1-720-6500-45-3500-5000-0-1-0-1-20-1-5000-1-20-1-5000-1-20-1-5000-17-800-5000-1250-3000-100-1-true-1 0 0.75x 1250 0.9958312489578123 0.9960988068694839 12.852731666666667
Xsetting3--streamsluice-streamsluice-false-true-false-when-sine-1split2join1-720-6500-45-3500-5000-0-1-0-1-20-1-5000-1-20-1-5000-1-20-1-5000-17-1000-5000-750-3000-100-1-true-1 0 1.0x 750 0.9969984992496248 0.9971140413430967 15.60852
Xsetting3--streamsluice-streamsluice-false-true-false-when-sine-1split2join1-720-6500-45-3500-5000-0-1-0-1-20-1-5000-1-20-1-5000-1-20-1-5000-17-1000-5000-1000-3000-100-1-true-1 0 1.0x 1000 0.9964988329443147 0.9971032388010538 15.502596666666667
Xsetting3--streamsluice-streamsluice-false-true-false-when-sine-1split2join1-720-6500-45-3500-5000-0-1-0-1-20-1-5000-1-20-1-5000-1-20-1-5000-17-1000-5000-1250-3000-100-1-true-1 0 1.0x 1250 0.9979986657771848 0.9984400191659527 15.3593
Xsetting5--streamsluice-streamsluice-false-true-false-when-sine-1split2join1-720-6500-45-3500-5000-0-1-0-1-20-1-5000-1-20-1-5000-1-20-1-5000-17-1333-5000-750-3000-100-1-true-1 0 1.25x 750 0.9928321386897816 0.9930490529671852 20.474618333333332
Xsetting5--streamsluice-streamsluice-false-true-false-when-sine-1split2join1-720-6500-45-3500-5000-0-1-0-1-20-1-5000-1-20-1-5000-1-20-1-5000-17-1333-5000-1000-3000-100-1-true-1 0 1.25x 1000 0.9949983327775925 0.9958783947396249 19.762711666666668
Xsetting5--streamsluice-streamsluice-false-true-false-when-sine-1split2join1-720-6500-45-3500-5000-0-1-0-1-20-1-5000-1-20-1-5000-1-20-1-5000-17-1333-5000-1250-3000-100-1-true-1 0 1.25x 1250 0.9951650550183394 0.9960641274493254 20.280865
Xsetting5--streamsluice-streamsluice-false-true-false-when-sine-1split2join1-720-6500-45-3500-5000-0-1-0-1-20-1-5000-1-20-1-5000-1-20-1-5000-17-2000-5000-750-3000-100-1-true-1 0 1.5x 750 0.5962660443407235 0.6143193763831238 29.291148333333332
Xsetting5--streamsluice-streamsluice-false-true-false-when-sine-1split2join1-720-6500-45-3500-5000-0-1-0-1-20-1-5000-1-20-1-5000-1-20-1-5000-17-2000-5000-1000-3000-100-1-true-1 0 1.5x 1000 0.6518839613204401 0.6695634921653731 29.149283333333333
Xsetting5--streamsluice-streamsluice-false-true-false-when-sine-1split2join1-720-6500-45-3500-5000-0-1-0-1-20-1-5000-1-20-1-5000-1-20-1-5000-17-2000-5000-1250-3000-100-1-true-1 0 1.5x 1250 0.6866244162775184 0.7089409373985942 29.019863333333333
end
Setting6 State_Size
setting6--streamsluice-streamsluice-false-true-false-when-sine-1split2join1-720-6500-45-3500-5000-0-1-0-1-20-1-1250-1-20-1-1250-1-20-1-1250-17-1000-1250-750-3000-100-1-true-1 0 25MB 750 0.9985002499583403 0.9986779860522975 15.737696666666666
setting6--streamsluice-streamsluice-false-true-false-when-sine-1split2join1-720-6500-45-3500-5000-0-1-0-1-20-1-1250-1-20-1-1250-1-20-1-1250-17-1000-1250-1000-3000-100-1-true-1 0 25MB 1000 0.9963339443426096 0.9968056921722241 15.681711666666667
setting6--streamsluice-streamsluice-false-true-false-when-sine-1split2join1-720-6500-45-3500-5000-0-1-0-1-20-1-1250-1-20-1-1250-1-20-1-1250-17-1000-1250-1250-3000-100-1-true-1 0 25MB 1250 0.998000333277787 0.9985477158172429 15.694741666666667
setting6--streamsluice-streamsluice-false-true-false-when-sine-1split2join1-720-6500-45-3500-5000-0-1-0-1-20-1-2500-1-20-1-2500-1-20-1-2500-17-1000-2500-750-3000-100-1-true-1 0 50MB 750 0.9975004165972338 0.997547151192014 15.710443333333334
setting6--streamsluice-streamsluice-false-true-false-when-sine-1split2join1-720-6500-45-3500-5000-0-1-0-1-20-1-2500-1-20-1-2500-1-20-1-2500-17-1000-2500-1000-3000-100-1-true-1 0 50MB 1000 0.9975004165972338 0.9977539096582044 15.659168333333334
setting6--streamsluice-streamsluice-false-true-false-when-sine-1split2join1-720-6500-45-3500-5000-0-1-0-1-20-1-2500-1-20-1-2500-1-20-1-2500-17-1000-2500-1250-3000-100-1-true-1 0 50MB 1250 0.9978336943842693 0.9984205351027005 15.608713333333334
setting3--streamsluice-streamsluice-false-true-false-when-sine-1split2join1-720-6500-45-3500-5000-0-1-0-1-20-1-5000-1-20-1-5000-1-20-1-5000-17-1000-5000-750-3000-100-1-true-1 0 100MB 750 0.9969984992496248 0.9974915287015987 15.843803333333334
setting3--streamsluice-streamsluice-false-true-false-when-sine-1split2join1-720-6500-45-3500-5000-0-1-0-1-20-1-5000-1-20-1-5000-1-20-1-5000-17-1000-5000-1000-3000-100-1-true-1 0 100MB 1000 0.9964988329443147 0.997589849099336 15.758601666666667
setting3--streamsluice-streamsluice-false-true-false-when-sine-1split2join1-720-6500-45-3500-5000-0-1-0-1-20-1-5000-1-20-1-5000-1-20-1-5000-17-1000-5000-1250-3000-100-1-true-1 0 100MB 1250 0.9979986657771848 0.9987693689924999 15.63338
setting6--streamsluice-streamsluice-false-true-false-when-sine-1split2join1-720-6500-45-3500-5000-0-1-0-1-20-1-10000-1-20-1-10000-1-20-1-10000-17-1000-10000-750-3000-100-1-true-1 0 200MB 750 0.9594864954984995 0.96534563841075 19.37331
setting6--streamsluice-streamsluice-false-true-false-when-sine-1split2join1-720-6500-45-3500-5000-0-1-0-1-20-1-10000-1-20-1-10000-1-20-1-10000-17-1000-10000-1000-3000-100-1-true-1 0 200MB 1000 0.986997832972162 0.9880049145386675 18.57852
setting6--streamsluice-streamsluice-false-true-false-when-sine-1split2join1-720-6500-45-3500-5000-0-1-0-1-20-1-10000-1-20-1-10000-1-20-1-10000-17-1000-10000-1250-3000-100-1-true-1 0 200MB 1250 0.993498916486081 0.9945715361715798 15.719296666666667
setting6--streamsluice-streamsluice-false-true-false-when-sine-1split2join1-720-6500-45-3500-5000-0-1-0-1-20-1-20000-1-20-1-20000-1-20-1-20000-17-1000-20000-750-3000-100-1-true-1 0 400MB 750 0.8998333333333334 0.920811706149989 20.52381
setting6--streamsluice-streamsluice-false-true-false-when-sine-1split2join1-720-6500-45-3500-5000-0-1-0-1-20-1-20000-1-20-1-20000-1-20-1-20000-17-1000-20000-1000-3000-100-1-true-1 0 400MB 1000 0.9268333333333333 0.9416728608091043 20.898051666666667
setting6--streamsluice-streamsluice-false-true-false-when-sine-1split2join1-720-6500-45-3500-5000-0-1-0-1-20-1-20000-1-20-1-20000-1-20-1-20000-17-1000-20000-1250-3000-100-1-true-1 0 400MB 1250 0.94 0.9513654967380032 18.950835
Xsetting6--streamsluice-streamsluice-false-true-false-when-sine-1split2join1-720-6500-45-3500-5000-0-1-0-1-20-1-1250-1-20-1-1250-1-20-1-1250-17-1000-1250-750-3000-100-1-true-1 0 25MB 750 0.9985002499583403 0.9984592682664315 15.471138333333334
Xsetting6--streamsluice-streamsluice-false-true-false-when-sine-1split2join1-720-6500-45-3500-5000-0-1-0-1-20-1-1250-1-20-1-1250-1-20-1-1250-17-1000-1250-1000-3000-100-1-true-1 0 25MB 1000 0.9963339443426096 0.9965689935511415 15.45635
Xsetting6--streamsluice-streamsluice-false-true-false-when-sine-1split2join1-720-6500-45-3500-5000-0-1-0-1-20-1-1250-1-20-1-1250-1-20-1-1250-17-1000-1250-1250-3000-100-1-true-1 0 25MB 1250 0.998000333277787 0.9983583437839517 15.459508333333334
Xsetting6--streamsluice-streamsluice-false-true-false-when-sine-1split2join1-720-6500-45-3500-5000-0-1-0-1-20-1-2500-1-20-1-2500-1-20-1-2500-17-1000-2500-750-3000-100-1-true-1 0 50MB 750 0.9975004165972338 0.9973300297907776 15.511656666666667
Xsetting6--streamsluice-streamsluice-false-true-false-when-sine-1split2join1-720-6500-45-3500-5000-0-1-0-1-20-1-2500-1-20-1-2500-1-20-1-2500-17-1000-2500-1000-3000-100-1-true-1 0 50MB 1000 0.9975004165972338 0.9974616601315629 15.514223333333334
Xsetting6--streamsluice-streamsluice-false-true-false-when-sine-1split2join1-720-6500-45-3500-5000-0-1-0-1-20-1-2500-1-20-1-2500-1-20-1-2500-17-1000-2500-1250-3000-100-1-true-1 0 50MB 1250 0.9978336943842693 0.99821927033867 15.37412
Xsetting3--streamsluice-streamsluice-false-true-false-when-sine-1split2join1-720-6500-45-3500-5000-0-1-0-1-20-1-5000-1-20-1-5000-1-20-1-5000-17-1000-5000-750-3000-100-1-true-1 0 1.0x 750 0.9969984992496248 0.9971140413430967 15.60852
Xsetting3--streamsluice-streamsluice-false-true-false-when-sine-1split2join1-720-6500-45-3500-5000-0-1-0-1-20-1-5000-1-20-1-5000-1-20-1-5000-17-1000-5000-1000-3000-100-1-true-1 0 1.0x 1000 0.9964988329443147 0.9971032388010538 15.502596666666667
Xsetting3--streamsluice-streamsluice-false-true-false-when-sine-1split2join1-720-6500-45-3500-5000-0-1-0-1-20-1-5000-1-20-1-5000-1-20-1-5000-17-1000-5000-1250-3000-100-1-true-1 0 1.0x 1250 0.9979986657771848 0.9984400191659527 15.3593
Xsetting6--streamsluice-streamsluice-false-true-false-when-sine-1split2join1-720-6500-45-3500-5000-0-1-0-1-20-1-10000-1-20-1-10000-1-20-1-10000-17-1000-10000-750-3000-100-1-true-1 0 200MB 750 0.9576525508502834 0.960847717155399 18.829603333333335
Xsetting6--streamsluice-streamsluice-false-true-false-when-sine-1split2join1-720-6500-45-3500-5000-0-1-0-1-20-1-10000-1-20-1-10000-1-20-1-10000-17-1000-10000-1000-3000-100-1-true-1 0 200MB 1000 0.9863310551758626 0.9869238535128527 17.87686666666667
Xsetting6--streamsluice-streamsluice-false-true-false-when-sine-1split2join1-720-6500-45-3500-5000-0-1-0-1-20-1-10000-1-20-1-10000-1-20-1-10000-17-1000-10000-1250-3000-100-1-true-1 0 200MB 1250 0.9935 0.993811527809087 15.471838333333332
Xsetting6--streamsluice-streamsluice-false-true-false-when-sine-1split2join1-720-6500-45-3500-5000-0-1-0-1-20-1-20000-1-20-1-20000-1-20-1-20000-17-1000-20000-750-3000-100-1-true-1 0 400MB 750 0.8946666666666667 0.9070093867184225 19.927851666666665
Xsetting6--streamsluice-streamsluice-false-true-false-when-sine-1split2join1-720-6500-45-3500-5000-0-1-0-1-20-1-20000-1-20-1-20000-1-20-1-20000-17-1000-20000-1000-3000-100-1-true-1 0 400MB 1000 0.9241666666666667 0.9306570616247122 20.01351
Xsetting6--streamsluice-streamsluice-false-true-false-when-sine-1split2join1-720-6500-45-3500-5000-0-1-0-1-20-1-20000-1-20-1-20000-1-20-1-20000-17-1000-20000-1250-3000-100-1-true-1 0 400MB 1250 0.9396666666666667 0.9434863444914477 18.460213333333332
end
Setting7 Skewness
setting3--streamsluice-streamsluice-false-true-false-when-sine-1split2join1-720-6500-45-3500-5000-0-1-0-1-20-1-5000-1-20-1-5000-1-20-1-5000-17-1000-5000-750-3000-100-1-true-1 0 0.0 750 0.9969984992496248 0.9974915287015987 15.843803333333334
setting3--streamsluice-streamsluice-false-true-false-when-sine-1split2join1-720-6500-45-3500-5000-0-1-0-1-20-1-5000-1-20-1-5000-1-20-1-5000-17-1000-5000-1000-3000-100-1-true-1 0 0.0 1000 0.9964988329443147 0.997589849099336 15.758601666666667
setting3--streamsluice-streamsluice-false-true-false-when-sine-1split2join1-720-6500-45-3500-5000-0-1-0-1-20-1-5000-1-20-1-5000-1-20-1-5000-17-1000-5000-1250-3000-100-1-true-1 0 0.0 1250 0.9979986657771848 0.9987693689924999 15.63338
setting7--streamsluice-streamsluice-false-true-false-when-sine-1split2join1-720-6500-45-3500-5000-0-1-0-1-20-1-5000-1-20-1-5000-1-20-1-5000-17-1000-5000-0.1-750-3000-100-1-true-1 0 0.1 750 0.9968322774258086 0.9974456153250829 15.626133333333334
setting7--streamsluice-streamsluice-false-true-false-when-sine-1split2join1-720-6500-45-3500-5000-0-1-0-1-20-1-5000-1-20-1-5000-1-20-1-5000-17-1000-5000-0.1-1000-3000-100-1-true-1 0 0.1 1000 0.9933266599933267 0.9946592409290933 15.850513333333334
setting7--streamsluice-streamsluice-false-true-false-when-sine-1split2join1-720-6500-45-3500-5000-0-1-0-1-20-1-5000-1-20-1-5000-1-20-1-5000-17-1000-5000-0.1-1250-3000-100-1-true-1 0 0.1 1250 0.9969984992496248 0.9977605369718435 15.569385
setting7--streamsluice-streamsluice-false-true-false-when-sine-1split2join1-720-6500-45-3500-5000-0-1-0-1-20-1-5000-1-20-1-5000-1-20-1-5000-17-1000-5000-0.2-750-3000-100-1-true-1 0 0.2 750 0.9954977488744372 0.995651936443224 15.911043333333334
setting7--streamsluice-streamsluice-false-true-false-when-sine-1split2join1-720-6500-45-3500-5000-0-1-0-1-20-1-5000-1-20-1-5000-1-20-1-5000-17-1000-5000-0.2-1000-3000-100-1-true-1 0 0.2 1000 0.9984992496248124 0.9991383563307522 15.73315
setting7--streamsluice-streamsluice-false-true-false-when-sine-1split2join1-720-6500-45-3500-5000-0-1-0-1-20-1-5000-1-20-1-5000-1-20-1-5000-17-1000-5000-0.2-1250-3000-100-1-true-1 0 0.2 1250 0.9941637485409371 0.9945739117391255 15.740963333333333
setting7--streamsluice-streamsluice-false-true-false-when-sine-1split2join1-720-6500-45-3500-5000-0-1-0-1-20-1-5000-1-20-1-5000-1-20-1-5000-17-1000-5000-0.3-750-3000-100-1-true-1 0 0.3 750 0.9969979986657772 0.9973267589518415 15.73451
setting7--streamsluice-streamsluice-false-true-false-when-sine-1split2join1-720-6500-45-3500-5000-0-1-0-1-20-1-5000-1-20-1-5000-1-20-1-5000-17-1000-5000-0.3-1000-3000-100-1-true-1 0 0.3 1000 0.9969984992496248 0.9977277354386543 15.761291666666667
setting7--streamsluice-streamsluice-false-true-false-when-sine-1split2join1-720-6500-45-3500-5000-0-1-0-1-20-1-5000-1-20-1-5000-1-20-1-5000-17-1000-5000-0.3-1250-3000-100-1-true-1 0 0.3 1250 0.9979986657771848 0.9985864138740186 15.668473333333333
setting7--streamsluice-streamsluice-false-true-false-when-sine-1split2join1-720-6500-45-3500-5000-0-1-0-1-20-1-5000-1-20-1-5000-1-20-1-5000-17-1000-5000-0.4-750-3000-100-1-true-1 0 0.4 750 0.9913304434811604 0.9906359828461799 15.636505
setting7--streamsluice-streamsluice-false-true-false-when-sine-1split2join1-720-6500-45-3500-5000-0-1-0-1-20-1-5000-1-20-1-5000-1-20-1-5000-17-1000-5000-0.4-1000-3000-100-1-true-1 0 0.4 1000 0.9979993331110371 0.9988460309754715 15.789183333333334
setting7--streamsluice-streamsluice-false-true-false-when-sine-1split2join1-720-6500-45-3500-5000-0-1-0-1-20-1-5000-1-20-1-5000-1-20-1-5000-17-1000-5000-0.4-1250-3000-100-1-true-1 0 0.4 1250 0.9969989996665555 0.997856134840791 15.706855
end
setting1--streamsluice-streamsluice-false-true-false-when-sine-1split2join1-720-7000-25-3000-5000-20-1-0-1-20-1-5000-1-20-1-5000-17-1000-1-5000-1-20-5000--1000-3000-100-1-true-1 0 sine 1000 0.9998321866084914 0.9998278842475001 9.577881666666666
setting1--streamsluice-streamsluice-false-true-false-when-linear-1split2join1-720-7000-25-3000-5000-20-1-0-1-20-1-5000-1-20-1-5000-17-1000-1-5000-1-20-5000--1000-3000-100-1-true-1 0 linear 1000 0.9991612145613152 0.9992664265740566 9.760815
setting1--streamsluice-streamsluice-false-true-false-when-gradient-1split2join1-720-7000-25-3000-5000-20-1-0-1-20-1-5000-1-20-1-5000-17-1000-1-5000-1-20-5000--1000-3000-100-1-true-1 0 gradient 1000 0.9860738255033556 0.9882407402663516 13.98691
setting5--streamsluice-streamsluice-false-true-false-when-sine-1split2join1-720-6500-45-3500-5000-0-1-0-1-20-1-5000-1-20-1-5000-1-20-1-5000-30-2000-5000--1000-3000-100-1-true-1 0 0.5x 1000 1.0 1.0 32.02704
