Dimension1 User_Limit
system_d1--streamsluice-streamsluice-false-true-false-systemsensitivity-sine-1split2join1-900-6000-30-3000-5000-0-1-0-1-20-1-20000-3-500-1-20000-1-20-1-20000-17-1000-20000-500-500-100-60-0.5-1-true-1 0 500 500 0.9192612761927311 314.3704273706641 33.41027777777778
system_d1--streamsluice-streamsluice-false-true-false-systemsensitivity-sine-1split2join1-900-6000-30-3000-5000-0-1-0-1-20-1-20000-3-500-1-20000-1-20-1-20000-17-1000-20000-1000-500-100-60-0.5-1-true-1 0 1000 1000 0.9565526222327454 363.5214869184326 35.01504222222222
system_d1--streamsluice-streamsluice-false-true-false-systemsensitivity-sine-1split2join1-900-6000-30-3000-5000-0-1-0-1-20-1-20000-3-500-1-20000-1-20-1-20000-17-1000-20000-1500-500-100-60-0.5-1-true-1 0 1500 1500 0.9798697454114861 392.73724097098875 31.130681111111112
system_d1--streamsluice-streamsluice-false-true-false-systemsensitivity-sine-1split2join1-900-6000-30-3000-5000-0-1-0-1-20-1-20000-3-500-1-20000-1-20-1-20000-17-1000-20000-2000-500-100-60-0.5-1-true-1 0 2000 2000 0.9788065356381719 552.556121240824 29.368272222222224
system_d1--streamsluice-streamsluice-false-true-false-systemsensitivity-sine-1split2join1-900-6000-30-3000-5000-0-1-0-1-20-1-20000-3-500-1-20000-1-20-1-20000-17-1000-20000-2500-500-100-60-0.5-1-true-1 0 2500 2500 0.9965660153937241 580.1059798697454 26.198703333333334
system_d1--streamsluice-streamsluice-false-true-false-systemsensitivity-sine-1split2join1-900-6000-30-3000-5000-0-1-0-1-20-1-20000-3-500-1-20000-1-20-1-20000-17-1000-20000-3000-500-100-60-0.5-1-true-1 0 3000 3000 0.9977517453555792 703.7913856348362 26.09237111111111
end

Dimension2 Epoch_Length
system_d2--streamsluice-streamsluice-false-true-false-systemsensitivity-sine-1split2join1-900-6000-30-3000-5000-0-1-0-1-20-1-20000-3-500-1-20000-1-20-1-20000-17-1000-20000-2000-500-25-60-0.5-1-true-1 0 25 2000 0.9538406912060599 705.9343117528701 37.185585555555555
system_d2--streamsluice-streamsluice-false-true-false-systemsensitivity-sine-1split2join1-900-6000-30-3000-5000-0-1-0-1-20-1-20000-3-500-1-20000-1-20-1-20000-17-1000-20000-2000-500-50-60-0.5-1-true-1 0 50 2000 0.9816611452910554 554.2386417415996 32.40819111111111
system_d2--streamsluice-streamsluice-false-true-false-systemsensitivity-sine-1split2join1-900-6000-30-3000-5000-0-1-0-1-20-1-20000-3-500-1-20000-1-20-1-20000-17-1000-20000-2000-500-100-60-0.5-1-true-1 0 100 2000 0.9759706439393939 513.857362689394 28.874915555555557
system_d2--streamsluice-streamsluice-false-true-false-systemsensitivity-sine-1split2join1-900-6000-30-3000-5000-0-1-0-1-20-1-20000-3-500-1-20000-1-20-1-20000-17-1000-20000-2000-500-200-60-0.5-1-true-1 0 200 2000 0.990292411507044 471.7230969574997 28.02805222222222
system_d2--streamsluice-streamsluice-false-true-false-systemsensitivity-sine-1split2join1-900-6000-30-3000-5000-0-1-0-1-20-1-20000-3-500-1-20000-1-20-1-20000-17-1000-20000-2000-500-500-60-0.5-1-true-1 0 500 2000 0.9597299538078882 569.5056259623357 28.076702222222224
end

Dimension3 Resource_Sensitivity
system_d3--streamsluice-streamsluice-false-true-false-systemsensitivity-sine-1split2join1-900-6000-30-3000-5000-0-1-0-1-20-1-20000-3-500-1-20000-1-20-1-20000-17-1000-20000-2000-500-100-60-0.0-1-true-1 0 0.0 2000 0.9803527044620666 476.16108415197067 31.256636666666665
system_d3--streamsluice-streamsluice-false-true-false-systemsensitivity-sine-1split2join1-900-6000-30-3000-5000-0-1-0-1-20-1-20000-3-500-1-20000-1-20-1-20000-17-1000-20000-2000-500-100-60-0.5-1-true-1 0 0.5 2000 0.9862770613983202 454.65373240269724 30.353906666666667
system_d3--streamsluice-streamsluice-false-true-false-systemsensitivity-sine-1split2join1-900-6000-30-3000-5000-0-1-0-1-20-1-20000-3-500-1-20000-1-20-1-20000-17-1000-20000-2000-500-100-60-1.0-1-true-1 0 1.0 2000 0.9735907153008053 548.252013263856 29.12744777777778
end

Dimension4 Tuning_Window
system_d4--streamsluice-streamsluice-false-true-false-systemsensitivity-sine-1split2join1-900-6000-30-3000-5000-0-1-0-1-20-1-20000-3-500-1-20000-1-20-1-20000-17-1000-20000-2000-500-100-5-0.5-1-true-1 0 5 2000 0.9799928968864686 599.4158872972653 28.006166666666665
system_d4--streamsluice-streamsluice-false-true-false-systemsensitivity-sine-1split2join1-900-6000-30-3000-5000-0-1-0-1-20-1-20000-3-500-1-20000-1-20-1-20000-17-1000-20000-3000-500-100-5-0.5-1-true-1 0 5 3000 0.9849793021880544 840.9787108219988 26.783126666666668
system_d4--streamsluice-streamsluice-false-true-false-systemsensitivity-sine-1split2join1-900-6000-30-3000-5000-0-1-0-1-20-1-20000-3-500-1-20000-1-20-1-20000-17-1000-20000-2000-500-100-15-0.5-1-true-1 0 15 2000 0.9860272350503256 546.2403789224393 26.420173333333334
system_d4--streamsluice-streamsluice-false-true-false-systemsensitivity-sine-1split2join1-900-6000-30-3000-5000-0-1-0-1-20-1-20000-3-500-1-20000-1-20-1-20000-17-1000-20000-3000-500-100-15-0.5-1-true-1 0 15 3000 0.9893516327496451 807.8532891623285 25.732592222222223
system_d4--streamsluice-streamsluice-false-true-false-systemsensitivity-sine-1split2join1-900-6000-30-3000-5000-0-1-0-1-20-1-20000-3-500-1-20000-1-20-1-20000-17-1000-20000-2000-500-100-60-0.5-1-true-1 0 60 2000 0.9822443181818182 486.87215909090907 27.69061
system_d4--streamsluice-streamsluice-false-true-false-systemsensitivity-sine-1split2join1-900-6000-30-3000-5000-0-1-0-1-20-1-20000-3-500-1-20000-1-20-1-20000-17-1000-20000-3000-500-100-60-0.5-1-true-1 0 60 3000 0.9937255830472357 800.791405232627 26.155237777777778
system_d4--streamsluice-streamsluice-false-true-false-systemsensitivity-sine-1split2join1-900-6000-30-3000-5000-0-1-0-1-20-1-20000-3-500-1-20000-1-20-1-20000-17-1000-20000-2000-500-100-240-0.5-1-true-1 0 240 2000 0.9874541365842111 544.2144632500888 25.595686666666666
system_d4--streamsluice-streamsluice-false-true-false-systemsensitivity-sine-1split2join1-900-6000-30-3000-5000-0-1-0-1-20-1-20000-3-500-1-20000-1-20-1-20000-17-1000-20000-3000-500-100-240-0.5-1-true-1 0 240 3000 0.992421551213736 845.6575488454707 24.886393333333334
system_d4--streamsluice-streamsluice-false-true-false-systemsensitivity-sine-1split2join1-900-6000-30-3000-5000-0-1-0-1-20-1-20000-3-500-1-20000-1-20-1-20000-17-1000-20000-2000-500-100-480-0.5-1-true-1 0 480 2000 0.9789199431549029 685.1982472761724 27.035003333333332
system_d4--streamsluice-streamsluice-false-true-false-systemsensitivity-sine-1split2join1-900-6000-30-3000-5000-0-1-0-1-20-1-20000-3-500-1-20000-1-20-1-20000-17-1000-20000-3000-500-100-480-0.5-1-true-1 0 480 3000 0.9772727272727273 857.7785274621212 23.786133333333332
end
