Dimension1 User_Limit
stock-streamsluice-streamsluice-5-8-60-1350-90-1000-20-1-200-11-3333-1-200-2-500-1-15-5000-2000-100-0.1-true-true-1 0 2000 2000 0.9913340554953753 0.9914389031038238 28.76427
stock-streamsluice-streamsluice-5-8-60-1350-90-1000-20-1-200-11-3333-1-200-2-500-1-15-5000-2500-100-0.1-true-true-1 0 2500 2500 0.9863344721273227 0.9905418607207106 22.308533333333333
stock-streamsluice-streamsluice-5-8-60-1350-90-1000-20-1-200-11-3333-1-200-2-500-1-15-5000-3000-100-0.1-true-true-1 0 3000 3000 0.9974168819265061 0.9982121809898905 21.48403666666667
stock-streamsluice-streamsluice-5-8-60-1350-90-1000-20-1-200-11-3333-1-200-2-500-1-15-5000-3500-100-0.1-true-true-1 0 3500 3500 0.9844179651695693 0.9892154143583712 21.265515833333332
stock-streamsluice-streamsluice-5-8-60-1350-90-1000-20-1-200-11-3333-1-200-2-500-1-15-5000-4000-100-0.1-true-true-1 0 4000 4000 0.9992500624947921 0.9994809557712585 21.004806666666667
end
Dimension2 Epoch_Length
stock-streamsluice-streamsluice-5-8-60-1350-90-1000-20-1-200-11-3333-1-200-2-500-1-15-5000-3000-25-0.1-true-true-1 0 25 3000 0.9854178818431797 0.989739945483535 26.975995
stock-streamsluice-streamsluice-5-8-60-1350-90-1000-20-1-200-11-3333-1-200-2-500-1-15-5000-3000-50-0.1-true-true-1 0 50 3000 0.9994167152737272 0.9995962989332011 20.767824166666667
stock-streamsluice-streamsluice-5-8-60-1350-90-1000-20-1-200-11-3333-1-200-2-500-1-15-5000-3000-100-0.1-true-true-1 0 100 3000 0.9974168819265061 0.9982121809898905 21.48403666666667
stock-streamsluice-streamsluice-5-8-60-1350-90-1000-20-1-200-11-3333-1-200-2-500-1-15-5000-3000-200-0.1-true-true-1 0 200 3000 0.9913340554953753 0.9940021555789873 22.286115
stock-streamsluice-streamsluice-5-8-60-1350-90-1000-20-1-200-11-3333-1-200-2-500-1-15-5000-3000-500-0.1-true-true-1 0 500 3000 0.923006416131989 0.9421107601462271 23.932325
stock-streamsluice-streamsluice-5-8-60-1350-90-1000-20-1-200-11-3333-1-200-2-500-1-15-5000-3000-1000-0.1-true-true-1 0 1000 3000 0.8828430964086326 0.9076623582337092 23.277675833333333
stock-streamsluice-streamsluice-5-8-60-1350-90-1000-20-1-200-11-3333-1-200-2-500-1-15-5000-3000-2000-0.1-true-true-1 0 2000 3000 0.739021748187651 0.7715318222060613 29.418020833333333
end
Dimension3 Resource_Sensitivity
stock-streamsluice-streamsluice-5-8-60-1350-90-1000-20-1-200-11-3333-1-200-2-500-1-15-5000-3000-100-0.1-true-true-1 0 0.1 3000 0.9974168819265061 0.9982121809898905 21.48403666666667
stock-streamsluice-streamsluice-5-8-60-1350-90-1000-20-1-200-11-3333-1-200-2-500-1-15-5000-3000-100-0.2-true-true-1 0 0.2 3000 0.9970002499791684 0.9979238230850339 20.9828025
stock-streamsluice-streamsluice-5-8-60-1350-90-1000-20-1-200-11-3333-1-200-2-500-1-15-5000-3000-100-0.4-true-true-1 0 0.4 3000 0.9812515623698025 0.9870238942814626 21.2090475
stock-streamsluice-streamsluice-5-8-60-1350-90-1000-20-1-200-11-3333-1-200-2-500-1-15-5000-3000-100-0.8-true-true-1 0 0.8 3000 0.9768352637280227 0.9837444187434876 21.162961666666668
stock-streamsluice-streamsluice-5-8-60-1350-90-1000-20-1-200-11-3333-1-200-2-500-1-15-5000-3000-100-1.0-true-true-1 0 1.0 3000 0.9881666666666666 0.9918106355020786 21.0747075
end
Dimension4 Tuning_Window
stock-streamsluice-streamsluice-5-8-30-1350-90-1000-20-1-200-11-3333-1-200-2-500-1-15-5000-3000-100-0.1-true-true-1 0 30 3000 0.9864177985167902 0.9905547078912952 21.6992425
stock-streamsluice-streamsluice-5-8-60-1350-90-1000-20-1-200-11-3333-1-200-2-500-1-15-5000-3000-100-0.1-true-true-1 0 60 3000 0.9974168819265061 0.9982121809898905 21.48403666666667
stock-streamsluice-streamsluice-5-8-120-1350-90-1000-20-1-200-11-3333-1-200-2-500-1-15-5000-3000-100-0.1-true-true-1 0 120 3000 0.9890842429797517 0.9924450228927627 21.975529166666668
stock-streamsluice-streamsluice-5-8-240-1350-90-1000-20-1-200-11-3333-1-200-2-500-1-15-5000-3000-100-0.1-true-true-1 0 240 3000 0.9988334305474543 0.9991925978664021 20.622436666666665
stock-streamsluice-streamsluice-5-8-480-1350-90-1000-20-1-200-11-3333-1-200-2-500-1-15-5000-3000-100-0.1-true-true-1 0 480 3000 0.9930005832847263 0.9951555871984127 22.279138333333332
end
