Dimension1 User_Limit
lr-streamsluice-streamsluice-5-8-60-1380-150-1300-10-1-50-3-1000-1-50-27-3333-1000-0.1-100-1-25-0.0-true-1000-0.8-2 0 1000 1000 0.9638130340090467 0.958689983059767 23.370565833333334
lr-streamsluice-streamsluice-5-8-60-1380-150-1300-10-1-50-3-1000-1-50-27-3333-1500-0.1-100-1-25-0.0-true-1000-0.8-2 0 1500 1500 0.9777665911569763 0.9746306488858337 23.96482333333333
lr-streamsluice-streamsluice-5-8-60-1380-150-1300-10-1-50-3-1000-1-50-27-3333-2000-0.1-100-1-25-0.0-true-1000-0.8-2 0 2000 2000 0.9941671527372719 0.995347912074421 20.8566375
lr-streamsluice-streamsluice-5-8-60-1380-150-1300-10-1-50-3-1000-1-50-27-3333-2500-0.1-100-1-25-0.0-true-1000-0.8-2 0 2500 2500 0.9968335972002333 0.9978888967622901 20.720238333333334
lr-streamsluice-streamsluice-5-8-60-1380-150-1300-10-1-50-3-1000-1-50-27-3333-3000-0.1-100-1-25-0.0-true-1000-0.8-2 0 3000 3000 0.9898812510453253 0.9890163112540614 23.085888333333333
end
Dimension2 Epoch_Length
lr-streamsluice-streamsluice-5-8-60-1380-150-1300-10-1-50-3-1000-1-50-27-3333-2000-0.1-25-1-25-0.0-true-1000-0.8-2 0 25 2000 0.8781139556934747 0.883907100175387 30.284441666666666
lr-streamsluice-streamsluice-5-8-60-1380-150-1300-10-1-50-3-1000-1-50-27-3333-2000-0.1-50-1-25-0.0-true-1000-0.8-2 0 50 2000 0.9689409368635438 0.9627712966921363 24.454026666666667
lr-streamsluice-streamsluice-5-8-60-1380-150-1300-10-1-50-3-1000-1-50-27-3333-2000-0.1-100-1-25-0.0-true-1000-0.8-2 0 100 2000 0.9941671527372719 0.995347912074421 20.8566375
lr-streamsluice-streamsluice-5-8-60-1380-150-1300-10-1-50-3-1000-1-50-27-3333-2000-0.1-200-1-25-0.0-true-1000-0.8-2 0 200 2000 0.9933338888425964 0.9955110759251224 20.234886666666668
lr-streamsluice-streamsluice-5-8-60-1380-150-1300-10-1-50-3-1000-1-50-27-3333-2000-0.1-500-1-25-0.0-true-1000-0.8-2 0 500 2000 0.9903341388217648 0.9922616675879402 20.67216833333333
lr-streamsluice-streamsluice-5-8-60-1380-150-1300-10-1-50-3-1000-1-50-27-3333-2000-0.1-1000-1-25-0.0-true-1000-0.8-2 0 1000 2000 0.985917840179985 0.9858340886513322 20.603215
lr-streamsluice-streamsluice-5-8-60-1380-150-1300-10-1-50-3-1000-1-50-27-3333-2000-0.1-2000-1-25-0.0-true-1000-0.8-2 0 2000 2000 0.9836680276643613 0.9829146702527988 20.065969166666665
end
Dimension3 Resource_Sensitivity
lr-streamsluice-streamsluice-5-8-60-1380-150-1300-10-1-50-3-1000-1-50-27-3333-2000-0.1-100-1-25-0.0-true-1000-0.8-2 0 0.1 2000 0.9941671527372719 0.995347912074421 20.8566375
lr-streamsluice-streamsluice-5-8-60-1380-150-1300-10-1-50-3-1000-1-50-27-3333-2000-0.2-100-1-25-0.0-true-1000-0.8-2 0 0.2 2000 0.9963336388634281 0.9975758802109749 20.430346666666665
lr-streamsluice-streamsluice-5-8-60-1380-150-1300-10-1-50-3-1000-1-50-27-3333-2000-0.4-100-1-25-0.0-true-1000-0.8-2 0 0.4 2000 0.9876666666666667 0.9881667035534848 20.414133333333332
lr-streamsluice-streamsluice-5-8-60-1380-150-1300-10-1-50-3-1000-1-50-27-3333-2000-0.8-100-1-25-0.0-true-1000-0.8-2 0 0.6 2000 0.9835847012748937 0.982695989499853 20.473455
lr-streamsluice-streamsluice-5-8-60-1380-150-1300-10-1-50-3-1000-1-50-27-3333-2000-1.0-100-1-25-0.0-true-1000-0.8-2 0 1.0 2000 0.9875010415798684 0.9881707491719465 20.360091666666666
end
Dimension4 Tuning_Window
lr-streamsluice-streamsluice-5-8-30-1380-150-1300-10-1-50-3-1000-1-50-27-3333-2000-0.1-100-1-25-0.0-true-1000-0.8-2 0 30 2000 0.9966669444212982 0.9976931367611489 20.664968333333334
lr-streamsluice-streamsluice-5-8-60-1380-150-1300-10-1-50-3-1000-1-50-27-3333-2000-0.1-100-1-25-0.0-true-1000-0.8-2 0 60 2000 0.9941671527372719 0.995347912074421 20.8566375
lr-streamsluice-streamsluice-5-8-120-1380-150-1300-10-1-50-3-1000-1-50-27-3333-2000-0.1-100-1-25-0.0-true-1000-0.8-2 0 120 2000 0.988812823509768 0.9871935143021854 21.001495833333333
lr-streamsluice-streamsluice-5-8-240-1380-150-1300-10-1-50-3-1000-1-50-27-3333-2000-0.1-100-1-25-0.0-true-1000-0.8-2 0 240 2000 0.9843632410736683 0.9817989975752315 21.863534166666668
lr-streamsluice-streamsluice-5-8-480-1380-150-1300-10-1-50-3-1000-1-50-27-3333-2000-0.1-100-1-25-0.0-true-1000-0.8-2 0 480 2000 0.9927506041163237 0.9934026704355567 20.438205
end
