stock-streamsluice-streamsluice-5-8-60-1350-90-1000-20-1-200-11-3333-1-200-2-500-1-15-5000-1500-100-0.1-true-true-1 0 1000 1500 0.973835513707191 0.9854517060784751 33.9606025
stock-streamsluice-streamsluice-5-8-60-1350-90-1000-20-1-200-11-3333-1-200-2-500-1-15-5000-2000-25-0.1-true-true-1 0 25 2000 0.9698358470127489 0.9817962823378361 33.93391833333333
stock-streamsluice-streamsluice-5-8-60-1350-90-1000-20-1-200-11-3333-1-200-2-500-1-15-5000-2000-50-0.1-true-true-1 0 50 2000 0.9619198400133322 0.9728773284646295 32.04257416666667
stock-streamsluice-streamsluice-5-8-60-1350-90-1000-20-1-200-11-3333-1-200-2-500-1-15-5000-2000-200-0.1-true-true-1 0 200 2000 0.9750020831597367 0.9930411665819674 23.470680833333333
stock-streamsluice-streamsluice-5-8-60-1350-90-1000-20-1-200-11-3333-1-200-2-500-1-15-5000-2000-500-0.1-true-true-1 0 500 2000 0.9627531039080076 0.9869122595283366 23.812688333333334
stock-streamsluice-streamsluice-5-8-60-1350-90-1000-20-1-200-11-3333-1-200-2-500-1-15-5000-2000-1000-0.1-true-true-1 0 1000 2000 0.8501791517373553 0.9126136988248688 28.406664166666665
stock-streamsluice-streamsluice-5-8-60-1350-90-1000-20-1-200-11-3333-1-200-2-500-1-15-5000-2000-2000-0.1-true-true-1 0 2000 2000 0.7298558453462212 0.8108110620242414 30.496866666666666
stock-streamsluice-streamsluice-5-8-60-1350-90-1000-20-1-200-11-3333-1-200-2-500-1-15-5000-2000-100-0.2-true-true-1 0 0.2 2000 0.979335055412049 0.991502320076356 26.1564725
stock-streamsluice-streamsluice-5-8-60-1350-90-1000-20-1-200-11-3333-1-200-2-500-1-15-5000-2000-100-0.4-true-true-1 0 0.4 2000 0.9794183818015165 0.9918446772606127 25.470589166666667
stock-streamsluice-streamsluice-5-8-60-1350-90-1000-20-1-200-11-3333-1-200-2-500-1-15-5000-2000-100-0.8-true-true-1 0 0.8 2000 0.9865844512957254 0.995183741223442 22.6545025
stock-streamsluice-streamsluice-5-8-60-1350-90-1000-20-1-200-11-3333-1-200-2-500-1-15-5000-2000-100-1.0-true-true-1 0 1.0 2000 0.9863344721273227 0.9960492973330807 21.405754166666668
stock-streamsluice-streamsluice-5-8-30-1350-90-1000-20-1-200-11-3333-1-200-2-500-1-15-5000-2000-100-0.1-true-true-1 0 30 2000 0.9767519373385551 0.9905494857780915 31.581694166666665
stock-streamsluice-streamsluice-5-8-120-1350-90-1000-20-1-200-11-3333-1-200-2-500-1-15-5000-2000-100-0.1-true-true-1 0 120 2000 0.9769185901174902 0.9911330842669911 27.76936583333333
stock-streamsluice-streamsluice-5-8-240-1350-90-1000-20-1-200-11-3333-1-200-2-500-1-15-5000-2000-100-0.1-true-true-1 0 240 2000 0.9780851595700358 0.9913393772841195 24.697155833333333
stock-streamsluice-streamsluice-5-8-480-1350-90-1000-20-1-200-11-3333-1-200-2-500-1-15-5000-2000-100-0.1-true-true-1 0 480 2000 0.9812515623698025 0.9930652672194383 23.419479166666665
tweet-streamsluice-streamsluice-5-60-1350-90-1700-1-9-50-19-3333-1-50-1-50-2000-100-true-0.1-1 0 2000 2000 0.9996666944421299 0.9995923736303762 19.487705
