Dimension1 User_Limit
system_d1--streamsluice-streamsluice-false-true-false-systemsensitivity-sine-1split2join1-900-6000-30-3000-5000-0-1-0-1-20-1-20000-3-500-1-20000-1-20-1-20000-17-1000-20000-500-500-100-60-0.5-1-true-1 0 500 500 0.9192612761927311 314.3704273706641 33.41027777777778
system_d1--streamsluice-streamsluice-false-true-false-systemsensitivity-sine-1split2join1-900-6000-30-3000-5000-0-1-0-1-20-1-20000-3-500-1-20000-1-20-1-20000-17-1000-20000-1000-500-100-60-0.5-1-true-1 0 1000 1000 0.9565526222327454 363.5214869184326 35.01504222222222
system_d1--streamsluice-streamsluice-false-true-false-systemsensitivity-sine-1split2join1-900-6000-30-3000-5000-0-1-0-1-20-1-20000-3-500-1-20000-1-20-1-20000-17-1000-20000-1500-500-100-60-0.5-1-true-1 0 1500 1500 0.9798697454114861 392.73724097098875 31.130681111111112
system_d1--streamsluice-streamsluice-false-true-false-systemsensitivity-sine-1split2join1-900-6000-30-3000-5000-0-1-0-1-20-1-20000-3-500-1-20000-1-20-1-20000-17-1000-20000-2000-500-100-60-0.5-1-true-1 0 2000 2000 0.9788065356381719 552.556121240824 29.368272222222224
system_d1--streamsluice-streamsluice-false-true-false-systemsensitivity-sine-1split2join1-900-6000-30-3000-5000-0-1-0-1-20-1-20000-3-500-1-20000-1-20-1-20000-17-1000-20000-2500-500-100-60-0.5-1-true-1 0 2500 2500 0.9965660153937241 580.1059798697454 26.198703333333334
system_d1--streamsluice-streamsluice-false-true-false-systemsensitivity-sine-1split2join1-900-6000-30-3000-5000-0-1-0-1-20-1-20000-3-500-1-20000-1-20-1-20000-17-1000-20000-3000-500-100-60-0.5-1-true-1 0 3000 3000 0.9977517453555792 703.7913856348362 26.09237111111111
end

Dimension2 Epoch_Length
system_d2--streamsluice-streamsluice-false-true-false-systemsensitivity-sine-1split2join1-900-6000-30-3000-5000-0-1-0-1-20-1-20000-3-500-1-20000-1-20-1-20000-17-1000-20000-2000-500-25-60-0.5-1-true-1 0 25 2000 0.9538406912060599 705.9343117528701 37.185585555555555
system_d2--streamsluice-streamsluice-false-true-false-systemsensitivity-sine-1split2join1-900-6000-30-3000-5000-0-1-0-1-20-1-20000-3-500-1-20000-1-20-1-20000-17-1000-20000-2000-500-50-60-0.5-1-true-5 0 50 2000 0.9771142770536526 599.871930888148 33.98863787878788
system_d2--streamsluice-streamsluice-false-true-false-systemsensitivity-sine-1split2join1-900-6000-30-3000-5000-0-1-0-1-20-1-20000-3-500-1-20000-1-20-1-20000-17-1000-20000-2000-500-100-60-0.5-1-true-2 0 100 2000 0.9843939393939394 544.4237878787878 26.73034393939394
system_d2--streamsluice-streamsluice-false-true-false-systemsensitivity-sine-1split2join1-900-6000-30-3000-5000-0-1-0-1-20-1-20000-3-500-1-20000-1-20-1-20000-17-1000-20000-2000-500-200-60-0.5-1-true-1 0 200 2000 0.97 513.8715151515152 27.226710606060607
system_d2--streamsluice-streamsluice-false-true-false-systemsensitivity-sine-1split2join1-900-6000-30-3000-5000-0-1-0-1-20-1-20000-3-500-1-20000-1-20-1-20000-17-1000-20000-2000-500-500-60-0.5-1-true-1 0 500 2000 0.9597299538078882 569.5056259623357 28.076702222222224
system_d2--streamsluice-streamsluice-false-true-false-systemsensitivity-sine-1split2join1-900-6000-30-3000-5000-0-1-0-1-20-1-20000-3-500-1-20000-1-20-1-20000-17-1000-20000-2000-500-1000-60-0.5-1-true-2 0 1000 2000 0.8236363636363636 1553.9336363636364 30.391289393939395
end

Dimension3 Resource_Sensitivity
system_d3--streamsluice-streamsluice-false-true-false-systemsensitivity-sine-1split2join1-900-6000-30-3000-5000-0-1-0-1-20-1-20000-12-1000-1-20000-12-666-1-20000-1-20-20000-3000-500-100-60-0.0-1-true-5 0 0.0 3000 0.9906074837145887 630.6086956521739 17.754912121212122
system_d3--streamsluice-streamsluice-false-true-false-systemsensitivity-sine-1split2join1-900-6000-30-3000-5000-0-1-0-1-20-1-20000-12-1000-1-20000-12-666-1-20000-1-20-20000-3000-500-100-60-0.25-1-true-2 0 0.25 3000 0.9884848484848485 702.7236363636364 18.141816666666667
system_d3--streamsluice-streamsluice-false-true-false-systemsensitivity-sine-1split2join1-900-6000-30-3000-5000-0-1-0-1-20-1-20000-12-1000-1-20000-12-666-1-20000-1-20-20000-3000-500-100-60-0.5-1-true-2 0 0.5 3000 0.9836363636363636 716.2636363636364 17.71326212121212
system_d3--streamsluice-streamsluice-false-true-false-systemsensitivity-sine-1split2join1-900-6000-30-3000-5000-0-1-0-1-20-1-20000-12-1000-1-20000-12-666-1-20000-1-20-20000-3000-500-100-60-0.75-1-true-1 0 0.75 3000 0.9810634752310256 741.7180730192395 18.70252272727272
system_d3--streamsluice-streamsluice-false-true-false-systemsensitivity-sine-1split2join1-900-6000-30-3000-5000-0-1-0-1-20-1-20000-12-1000-1-20000-12-666-1-20000-1-20-20000-3000-500-100-60-1.0-1-true-1 0 1.0 3000 0.9796969696969697 808.0798484848485 18.592754545454547
end

Dimension4 Tuning_Window
system_d4--streamsluice-streamsluice-false-true-false-systemsensitivity-sine-1split2join1-900-6000-30-3000-5000-0-1-0-1-20-1-20000-12-1000-1-20000-12-666-1-20000-1-20-20000-3000-500-100-15-0.5-1-true-1 0 15 3000 0.985153764581124 729.5173458566884 20.07505909090909
system_d4--streamsluice-streamsluice-false-true-false-systemsensitivity-sine-1split2join1-900-6000-30-3000-5000-0-1-0-1-20-1-20000-12-1000-1-20000-12-666-1-20000-1-20-20000-3000-500-100-30-0.5-1-true-2 0 30 3000 0.9886346416123655 643.1057736020609 17.635295454545453
system_d4--streamsluice-streamsluice-false-true-false-systemsensitivity-sine-1split2join1-900-6000-30-3000-5000-0-1-0-1-20-1-20000-12-1000-1-20000-12-666-1-20000-1-20-20000-3000-500-100-60-0.5-1-true-3 0 60 3000 0.9884848484848485 730.9134848484848 18.03351515151515
system_d4--streamsluice-streamsluice-false-true-false-systemsensitivity-sine-1split2join1-900-6000-30-3000-5000-0-1-0-1-20-1-20000-12-1000-1-20000-12-666-1-20000-1-20-20000-3000-500-100-180-0.5-1-true-1 0 180 3000 0.9877291319497046 726.0274200878655 17.736439393939396
system_d4--streamsluice-streamsluice-false-true-false-systemsensitivity-sine-1split2join1-900-6000-30-3000-5000-0-1-0-1-20-1-20000-12-1000-1-20000-12-666-1-20000-1-20-20000-3000-500-100-360-0.5-1-true-1 0 360 3000 0.9856082411755794 739.9522799575822 17.187604545454544
end
