Dimension1 User_Limit
Xlr-streamsluice-streamsluice-5-8-60-1380-150-1300-10-1-50-3-1000-1-50-27-3333-1000-0.1-100-1-25-0.0-true-1000-0.8-2 0 1000 1000 0.9638130340090467 0.958689983059767 23.370565833333334
Xlr-streamsluice-streamsluice-5-8-60-1380-150-1300-10-1-50-3-1000-1-50-27-3333-1500-0.1-100-1-25-0.0-true-1000-0.8-2 0 1500 1500 0.9777665911569763 0.9746306488858337 23.96482333333333
Xlr-streamsluice-streamsluice-5-8-60-1380-150-1300-10-1-50-3-1000-1-50-27-3333-2000-0.1-100-1-25-0.0-true-1000-0.8-2 0 2000 2000 0.9941671527372719 0.995347912074421 20.8566375
Xlr-streamsluice-streamsluice-5-8-60-1380-150-1300-10-1-50-3-1000-1-50-27-3333-2500-0.1-100-1-25-0.0-true-1000-0.8-2 0 2500 2500 0.9968335972002333 0.9978888967622901 20.720238333333334
Xlr-streamsluice-streamsluice-5-8-60-1380-150-1300-10-1-50-3-1000-1-50-27-3333-3000-0.1-100-1-25-0.0-true-1000-0.8-2 0 3000 3000 0.9898812510453253 0.9890163112540614 23.085888333333333
lr-streamsluice-streamsluice-5-8-1980-150-1300-10-1-50-3-1000-1-50-27-2500-1000-0.1-100-1-0-0.0-true-1000-0.8-2 0 1000 1000 0.9552702249076871 0.9542545077259128 19.73065666666667
lr-streamsluice-streamsluice-5-8-1980-150-1300-10-1-50-3-1000-1-50-27-2500-1500-0.1-100-1-0-0.0-true-1000-0.8-2 0 1500 1500 0.9982501458211815 0.9986050645947064 15.991125
lr-streamsluice-streamsluice-5-8-1980-150-1300-10-1-50-3-1000-1-50-27-2500-2500-0.1-100-1-0-0.0-true-1000-0.8-2 0 2500 2500 0.9969169235897009 0.9970847891079287 16.124698333333335
lr-streamsluice-streamsluice-5-8-1980-150-1300-10-1-50-3-1000-1-50-27-2500-3000-0.1-100-1-0-0.0-true-1000-0.8-2 0 3000 3000 0.9979168402633114 0.9986815037080127 16.35153083333333
end
Dimension2 Epoch_Length
Xlr-streamsluice-streamsluice-5-8-60-1380-150-1300-10-1-50-3-1000-1-50-27-3333-2000-0.1-25-1-25-0.0-true-1000-0.8-2 0 25 2000 0.8781139556934747 0.883907100175387 30.284441666666666
Xlr-streamsluice-streamsluice-5-8-60-1380-150-1300-10-1-50-3-1000-1-50-27-3333-2000-0.1-50-1-25-0.0-true-1000-0.8-2 0 50 2000 0.9689409368635438 0.9627712966921363 24.454026666666667
Xlr-streamsluice-streamsluice-5-8-60-1380-150-1300-10-1-50-3-1000-1-50-27-3333-2000-0.1-100-1-25-0.0-true-1000-0.8-2 0 100 2000 0.9941671527372719 0.995347912074421 20.8566375
Xlr-streamsluice-streamsluice-5-8-60-1380-150-1300-10-1-50-3-1000-1-50-27-3333-2000-0.1-200-1-25-0.0-true-1000-0.8-2 0 200 2000 0.9933338888425964 0.9955110759251224 20.234886666666668
Xlr-streamsluice-streamsluice-5-8-60-1380-150-1300-10-1-50-3-1000-1-50-27-3333-2000-0.1-500-1-25-0.0-true-1000-0.8-2 0 500 2000 0.9903341388217648 0.9922616675879402 20.67216833333333
Xlr-streamsluice-streamsluice-5-8-60-1380-150-1300-10-1-50-3-1000-1-50-27-3333-2000-0.1-1000-1-25-0.0-true-1000-0.8-2 0 1000 2000 0.985917840179985 0.9858340886513322 20.603215
Xlr-streamsluice-streamsluice-5-8-60-1380-150-1300-10-1-50-3-1000-1-50-27-3333-2000-0.1-2000-1-25-0.0-true-1000-0.8-2 0 2000 2000 0.9836680276643613 0.9829146702527988 20.065969166666665
lr-streamsluice-streamsluice-5-8-1980-150-1300-10-1-50-3-1000-1-50-27-2500-2000-0.1-25-1-0-0.0-true-1000-0.8-2 0 25 2000 0.41406975762182247 0.4105906209304364 19.245476666666665
lr-streamsluice-streamsluice-5-8-1980-150-1300-10-1-50-3-1000-1-50-27-2500-2000-0.1-50-1-0-0.0-true-1000-0.8-2 0 50 2000 0.6927756020331639 0.6739727597431634 15.919190833333333
lr-streamsluice-streamsluice-5-8-1080-150-1300-10-1-50-3-1000-1-50-27-2500-2000-0.2-100-1-0-0.0-true-1000-0.8-2 0 100 2000 0.9964613513214641 0.7239257381534777 16.8640958333333345
lr-streamsluice-streamsluice-5-8-1980-150-1300-10-1-50-3-1000-1-50-27-2500-2000-0.1-200-1-0-0.0-true-1000-0.8-2 0 200 2000 0.932505624531289 0.9377166957299922 16.957434166666665
lr-streamsluice-streamsluice-5-8-1980-150-1300-10-1-50-3-1000-1-50-27-2500-2000-0.1-500-1-0-0.0-true-1000-0.8-2 0 500 2000 0.8755103741354887 0.8795117876976877 15.8149075
end
Dimension3 Resource_Sensitivity
lr-streamsluice-streamsluice-5-8-60-1380-150-1300-10-1-50-3-1000-1-50-27-3333-2000-0.1-100-1-25-0.0-true-1000-0.8-2 0 0.1 2000 0.9941671527372719 0.995347912074421 20.8566375
lr-streamsluice-streamsluice-5-8-60-1380-150-1300-10-1-50-3-1000-1-50-27-3333-2000-0.2-100-1-25-0.0-true-1000-0.8-2 0 0.2 2000 0.9963336388634281 0.9975758802109749 20.430346666666665
lr-streamsluice-streamsluice-5-8-60-1380-150-1300-10-1-50-3-1000-1-50-27-3333-2000-0.4-100-1-25-0.0-true-1000-0.8-2 0 0.4 2000 0.9876666666666667 0.9881667035534848 20.414133333333332
lr-streamsluice-streamsluice-5-8-60-1380-150-1300-10-1-50-3-1000-1-50-27-3333-2000-0.8-100-1-25-0.0-true-1000-0.8-2 0 0.6 2000 0.9835847012748937 0.982695989499853 20.473455
lr-streamsluice-streamsluice-5-8-60-1380-150-1300-10-1-50-3-1000-1-50-27-3333-2000-1.0-100-1-25-0.0-true-1000-0.8-2 0 1.0 2000 0.9875010415798684 0.9881707491719465 20.360091666666666
Xlr-streamsluice-streamsluice-5-8-1080-150-1300-10-1-50-3-1000-1-50-27-2500-2000-0.2-100-1-0-0.0-true-1000-0.8-2 0 0.1 2000 0.9964613513214641 0.7239257381534777 16.864095833333334
Xlr-streamsluice-streamsluice-5-8-1080-150-1300-10-1-50-3-1000-1-50-27-2500-2000-0.2-100-1-0-0.0-true-1000-0.8-2 0 0.2 2000 0.9964613513214641 0.7239257381534777 16.864095833333334
Xlr-streamsluice-streamsluice-5-8-1080-150-1300-10-1-50-3-1000-1-50-27-2500-2000-0.4-100-1-0-0.0-true-1000-0.8-2 0 0.4 2000 0.9945832412115853 0.7213766776161704 16.792324166666667
end
Dimension4 Tuning_Window
lr-streamsluice-streamsluice-5-8-30-1380-150-1300-10-1-50-3-1000-1-50-27-3333-2000-0.1-100-1-25-0.0-true-1000-0.8-2 0 30 2000 0.9966669444212982 0.9976931367611489 20.664968333333334
lr-streamsluice-streamsluice-5-8-60-1380-150-1300-10-1-50-3-1000-1-50-27-3333-2000-0.1-100-1-25-0.0-true-1000-0.8-2 0 60 2000 0.9941671527372719 0.995347912074421 20.8566375
lr-streamsluice-streamsluice-5-8-120-1380-150-1300-10-1-50-3-1000-1-50-27-3333-2000-0.1-100-1-25-0.0-true-1000-0.8-2 0 120 2000 0.988812823509768 0.9871935143021854 21.001495833333333
lr-streamsluice-streamsluice-5-8-240-1380-150-1300-10-1-50-3-1000-1-50-27-3333-2000-0.1-100-1-25-0.0-true-1000-0.8-2 0 240 2000 0.9843632410736683 0.9817989975752315 21.863534166666668
lr-streamsluice-streamsluice-5-8-480-1380-150-1300-10-1-50-3-1000-1-50-27-3333-2000-0.1-100-1-25-0.0-true-1000-0.8-2 0 480 2000 0.9927506041163237 0.9934026704355567 20.438205
Xlr-streamsluice-streamsluice-5-8-15-1980-150-1300-10-1-50-3-1000-1-50-27-2500-2000-0.1-100-1-0-0.0-true-1000-0.8-2 0 15 2000 0.9106741104907924 0.9121826846571364 15.88173
Xlr-streamsluice-streamsluice-5-8-30-1980-150-1300-10-1-50-3-1000-1-50-27-2500-2000-0.1-100-1-0-0.0-true-1000-0.8-2 0 30 2000 0.9371719023414715 0.9388655524452617 16.094559166666667
Xlr-streamsluice-streamsluice-5-8-1080-150-1300-10-1-50-3-1000-1-50-27-2500-2000-0.2-100-1-0-0.0-true-1000-0.8-2 0 60 2000 0.9964613513214641 0.7239257381534777 16.864095833333334
Xlr-streamsluice-streamsluice-5-8-90-1980-150-1300-10-1-50-3-1000-1-50-27-2500-2000-0.1-100-1-0-0.0-true-1000-0.8-2 0 90 2000 0.9380884926256146 0.9431514227098263 16.386055833333334
Xlr-streamsluice-streamsluice-5-8-120-1980-150-1300-10-1-50-3-1000-1-50-27-2500-2000-0.1-100-1-0-0.0-true-1000-0.8-2 0 120 2000 0.9331722356470294 0.9367067183310013 16.171564166666666
end
